#!ascii label  , from subject  vox2ras=TkReg
311
9925  0.374  -35.397  14.485 0.0000000000
9844  -0.177  -15.170  -9.222 0.0000000000
9778  -1.242  0.272  -7.222 0.0000000000
9846  -0.620  21.190  6.295 0.0000000000
9997  -0.132  -4.334  19.848 0.0000000000
9964  -0.086  4.287  14.874 0.0000000000
9932  -1.485  -3.811  2.442 0.0000000000
9758  -3.374  4.378  -3.981 0.0000000000
9794  -0.663  22.664  4.908 0.0000000000
9826  -1.298  -3.715  -7.316 0.0000000000
9833  -0.474  18.392  5.131 0.0000000000
9868  -0.553  -13.046  -8.203 0.0000000000
9877  -0.544  -14.710  -6.533 0.0000000000
9893  -0.193  15.464  7.584 0.0000000000
9904  -1.334  -6.268  -2.871 0.0000000000
9913  -0.980  -9.436  -3.153 0.0000000000
9922  -0.023  -32.693  15.091 0.0000000000
9926  -0.217  3.078  5.053 0.0000000000
9938  -0.654  -10.124  -0.133 0.0000000000
9949  -0.047  9.721  11.672 0.0000000000
9952  -0.098  2.966  6.898 0.0000000000
9958  -1.001  -5.810  3.665 0.0000000000
9959  -0.659  -7.963  2.816 0.0000000000
9963  -1.128  -0.363  6.856 0.0000000000
9975  -0.061  1.975  12.853 0.0000000000
9980  -0.076  0.622  15.282 0.0000000000
9985  -0.104  0.132  18.796 0.0000000000
9996  -0.099  -2.933  17.351 0.0000000000
10000  -0.190  -7.457  20.041 0.0000000000
9733  -2.944  18.424  -5.078 0.0000000000
9747  -0.920  22.569  0.938 0.0000000000
9804  -3.327  10.854  -1.163 0.0000000000
9836  -0.536  18.277  3.264 0.0000000000
9842  -2.623  4.870  -0.211 0.0000000000
9871  -1.381  -2.542  -4.391 0.0000000000
9879  -1.165  -8.578  -6.174 0.0000000000
9889  -1.486  -2.706  -2.301 0.0000000000
9898  -0.840  -10.807  -7.173 0.0000000000
9899  -0.234  9.341  4.784 0.0000000000
9907  -0.019  11.131  7.317 0.0000000000
9912  -0.846  -12.672  -5.657 0.0000000000
9923  -0.065  12.557  9.753 0.0000000000
9948  -0.007  5.626  9.110 0.0000000000
9962  -0.495  -29.508  16.775 0.0000000000
9967  -1.790  -2.291  8.200 0.0000000000
9974  -1.028  -6.615  6.394 0.0000000000
9976  -0.916  -8.618  7.730 0.0000000000
9990  -0.177  -2.581  13.758 0.0000000000
9995  -0.192  -4.779  15.089 0.0000000000
9998  -0.337  -12.650  21.346 0.0000000000
9999  -0.307  -10.217  18.371 0.0000000000
9771  -1.518  20.460  -1.366 0.0000000000
9832  -0.731  17.955  1.459 0.0000000000
9961  -0.780  -11.496  5.871 0.0000000000
9972  -0.560  -20.420  18.489 0.0000000000
9977  -1.158  -11.536  14.352 0.0000000000
9982  -0.315  -24.035  19.332 0.0000000000
9983  -0.257  -20.679  20.113 0.0000000000
9987  -0.985  -3.427  10.691 0.0000000000
9992  -0.715  -7.612  13.349 0.0000000000
9993  -0.425  -16.977  19.267 0.0000000000
9986  -1.099  -14.649  16.445 0.0000000000
9843  -0.280  -39.801  16.758 0.0000000000
9824  -0.398  -39.209  18.149 0.0000000000
9839  -0.401  -36.836  20.276 0.0000000000
9909  -0.081  -34.710  19.140 0.0000000000
9891  -0.440  -33.350  21.583 0.0000000000
9816  -1.439  -33.633  23.102 0.0000000000
9845  -1.688  -30.159  24.004 0.0000000000
9939  -0.585  -29.900  22.646 0.0000000000
9960  -0.428  -27.235  22.613 0.0000000000
9914  -1.441  -25.740  24.394 0.0000000000
9933  -1.083  -23.072  24.332 0.0000000000
9951  -0.802  -20.469  24.255 0.0000000000
9973  -0.394  -18.479  23.188 0.0000000000
9979  -0.393  -14.013  23.602 0.0000000000
9954  -0.779  -12.602  25.692 0.0000000000
9984  -0.316  -11.140  23.583 0.0000000000
9981  -0.266  -7.440  24.660 0.0000000000
9989  -0.133  -5.082  23.431 0.0000000000
9991  -0.079  -2.655  22.061 0.0000000000
9953  -0.310  -3.666  25.560 0.0000000000
9957  -0.235  0.853  24.466 0.0000000000
9956  -0.162  3.549  22.881 0.0000000000
9929  -0.313  7.112  22.207 0.0000000000
9919  -0.374  11.443  19.512 0.0000000000
9906  -0.468  14.423  17.548 0.0000000000
9886  -0.575  17.640  15.457 0.0000000000
9867  -0.656  20.976  13.171 0.0000000000
9830  -0.625  23.224  9.780 0.0000000000
9861  -0.540  20.927  8.273 0.0000000000
9772  -0.916  25.504  2.037 0.0000000000
9735  -1.063  -2.775  -10.773 0.0000000000
9788  -0.733  -6.691  -10.200 0.0000000000
9781  -0.794  -9.569  -12.665 0.0000000000
9780  -0.824  -13.479  -12.026 0.0000000000
9734  -1.189  -14.034  -13.582 0.0000000000
9674  -2.035  -12.461  -14.918 0.0000000000
9619  -2.572  -12.533  -16.204 0.0000000000
9698  -0.974  -16.056  -15.056 0.0000000000
9755  -0.055  -16.951  -12.861 0.0000000000
9719  0.124  -18.740  -13.831 0.0000000000
9777  0.394  -18.917  -10.911 0.0000000000
9769  0.334  -19.653  -9.699 0.0000000000
9818  0.107  -18.548  -7.989 0.0000000000
9808  -0.361  -19.806  -5.661 0.0000000000
9714  -1.982  -23.118  -2.142 0.0000000000
9753  -1.646  -22.169  -0.827 0.0000000000
9642  -3.792  -25.775  0.227 0.0000000000
9694  -3.859  -26.748  3.669 0.0000000000
9636  -4.791  -28.817  4.575 0.0000000000
9579  -5.176  -29.500  3.295 0.0000000000
9590  -5.715  -30.753  5.333 0.0000000000
9540  -6.816  -32.533  6.177 0.0000000000
9602  -6.502  -32.000  7.395 0.0000000000
9514  -6.988  -33.274  7.149 0.0000000000
9615  -6.188  -32.445  9.369 0.0000000000
9711  -5.541  -33.146  9.487 0.0000000000
9797  -4.464  -32.217  11.158 0.0000000000
9857  0.318  -35.309  9.725 0.0000000000
9866  0.595  -37.855  10.630 0.0000000000
9882  0.651  -37.447  12.067 0.0000000000
9858  0.189  -39.780  13.351 0.0000000000
9892  0.347  -37.620  15.566 0.0000000000
9637  -5.548  -30.086  6.631 0.0000000000
9684  -1.285  -1.154  -12.812 0.0000000000
9688  -1.207  -23.216  -6.031 0.0000000000
9692  -3.925  23.052  -6.162 0.0000000000
9695  -6.330  -29.925  10.220 0.0000000000
9703  -1.263  -9.908  -13.876 0.0000000000
9705  -3.008  26.326  -3.099 0.0000000000
9708  -0.169  -22.085  -8.720 0.0000000000
9720  0.264  -20.621  -11.420 0.0000000000
9732  -4.547  -27.535  7.116 0.0000000000
9741  -3.561  -26.097  4.919 0.0000000000
9751  -5.767  -30.484  11.842 0.0000000000
9756  -4.665  -43.968  17.417 0.0000000000
9757  -0.096  -21.009  -7.201 0.0000000000
9796  -1.389  -21.236  0.502 0.0000000000
9803  0.025  -16.308  -11.116 0.0000000000
9806  -1.262  -41.864  14.667 0.0000000000
9812  -0.605  -12.799  -10.476 0.0000000000
9819  0.204  -17.855  -9.106 0.0000000000
9825  -0.662  -10.397  -9.366 0.0000000000
9847  -0.730  -18.587  -4.094 0.0000000000
9854  -0.295  -17.343  -6.297 0.0000000000
9856  -0.170  -16.674  -7.335 0.0000000000
9864  -4.935  -26.377  26.302 0.0000000000
9869  -4.346  -30.563  12.806 0.0000000000
9880  -0.606  -15.431  -5.599 0.0000000000
9885  -0.714  12.251  20.476 0.0000000000
9888  -0.343  17.786  10.761 0.0000000000
9890  -3.758  -28.401  14.088 0.0000000000
9895  0.190  -37.045  16.989 0.0000000000
9897  -4.455  -23.840  26.451 0.0000000000
9901  -0.870  -14.219  -3.916 0.0000000000
9903  -0.190  15.347  9.374 0.0000000000
9908  0.478  -34.657  12.576 0.0000000000
9911  -0.221  14.644  12.987 0.0000000000
9917  -0.442  -32.018  13.464 0.0000000000
9918  -0.856  -13.083  -2.321 0.0000000000
9920  -0.363  4.281  23.893 0.0000000000
9927  0.178  -34.880  15.925 0.0000000000
9928  -0.110  12.389  11.491 0.0000000000
9930  -0.195  11.128  16.733 0.0000000000
9937  -0.139  6.876  19.393 0.0000000000
9940  -0.823  -14.068  6.326 0.0000000000
9941  -0.197  -31.324  20.477 0.0000000000
9942  -0.674  -11.785  1.489 0.0000000000
9943  -2.507  -15.811  26.890 0.0000000000
9944  -0.140  -31.996  19.318 0.0000000000
9945  -1.706  -23.549  16.325 0.0000000000
9946  -1.486  -15.047  11.641 0.0000000000
9947  -0.702  -30.062  15.643 0.0000000000
9950  -0.103  9.522  13.352 0.0000000000
9955  -0.146  -31.592  17.653 0.0000000000
9965  -0.146  6.411  16.708 0.0000000000
9966  -2.045  -17.231  15.263 0.0000000000
9968  -0.235  -28.301  18.955 0.0000000000
9969  -0.171  -28.627  20.539 0.0000000000
9970  -0.108  2.358  19.068 0.0000000000
9971  -0.315  -24.569  22.518 0.0000000000
9978  -0.191  -22.648  21.349 0.0000000000
9988  -0.324  -16.493  22.013 0.0000000000
9994  -0.307  -11.890  22.468 0.0000000000
9767  -4.603  -26.865  8.323 0.0000000000
9768  -5.555  -26.959  10.547 0.0000000000
9815  -5.702  -27.368  12.578 0.0000000000
9822  -2.499  -23.040  7.471 0.0000000000
9860  -5.038  -26.666  13.430 0.0000000000
9862  -1.116  -19.498  0.739 0.0000000000
9878  -0.830  -16.774  -3.587 0.0000000000
9894  -4.153  -16.303  27.808 0.0000000000
9902  -0.801  -16.704  4.741 0.0000000000
9905  -3.178  -20.541  13.099 0.0000000000
9910  -1.983  -18.656  11.185 0.0000000000
9915  -0.826  -14.569  -0.498 0.0000000000
9916  -3.325  -25.121  14.822 0.0000000000
9924  -2.515  -21.723  15.408 0.0000000000
9931  -0.800  -15.102  2.802 0.0000000000
9838  -4.038  -24.671  9.611 0.0000000000
9870  -4.850  -24.649  11.772 0.0000000000
9881  -0.926  -18.546  2.115 0.0000000000
9883  -0.829  -17.629  3.446 0.0000000000
9884  -4.023  -23.207  13.819 0.0000000000
9887  -2.494  -21.355  9.834 0.0000000000
9701  -0.871  -5.008  -15.051 0.0000000000
9643  -1.458  -16.336  -16.710 0.0000000000
9657  -0.322  -19.245  -15.569 0.0000000000
9597  -1.173  -21.619  -14.512 0.0000000000
9656  -0.291  -21.357  -13.077 0.0000000000
9576  -1.845  -23.162  -11.446 0.0000000000
9644  -0.766  -22.841  -10.179 0.0000000000
9520  -5.769  -30.198  2.057 0.0000000000
9530  -6.122  -31.494  4.072 0.0000000000
9452  -7.349  -33.156  5.034 0.0000000000
9614  -6.237  -34.919  7.593 0.0000000000
9675  -5.382  -34.303  8.302 0.0000000000
9761  -1.191  -36.092  7.608 0.0000000000
9828  0.214  -36.944  8.778 0.0000000000
9715  -4.721  -43.469  18.611 0.0000000000
9743  -4.932  -42.896  19.791 0.0000000000
9706  -6.558  -44.800  18.802 0.0000000000
9690  -6.742  -44.542  20.803 0.0000000000
9742  -5.754  -41.560  21.925 0.0000000000
9776  -4.054  -39.107  22.601 0.0000000000
9746  -5.841  -39.174  23.510 0.0000000000
9740  -6.771  -35.848  25.183 0.0000000000
9801  -4.468  -34.856  24.521 0.0000000000
9760  -4.059  -41.429  20.755 0.0000000000
9795  -6.222  -25.174  27.067 0.0000000000
9773  -6.708  -24.550  27.575 0.0000000000
9726  -7.443  -31.904  27.302 0.0000000000
9821  -5.283  -32.343  25.469 0.0000000000
9863  -5.766  -21.062  27.591 0.0000000000
9865  -5.451  -16.153  28.931 0.0000000000
9811  -5.604  -19.864  28.766 0.0000000000
9896  -4.738  -19.032  27.465 0.0000000000
9935  -2.862  -12.433  27.914 0.0000000000
9872  -4.808  -12.349  29.172 0.0000000000
9934  -3.099  -6.143  28.905 0.0000000000
9936  -0.729  0.171  26.175 0.0000000000
9921  -0.993  3.517  25.629 0.0000000000
9875  -1.409  8.452  24.074 0.0000000000
9835  -4.211  11.337  25.211 0.0000000000
9829  -2.295  13.524  22.262 0.0000000000
9873  -0.810  15.286  18.492 0.0000000000
9855  -0.908  18.525  16.385 0.0000000000
9827  -0.959  21.888  14.114 0.0000000000
9813  -1.047  25.187  11.637 0.0000000000
9789  -0.836  25.819  9.339 0.0000000000
9786  -0.817  26.659  4.848 0.0000000000
9728  -1.369  29.434  1.960 0.0000000000
9628  -1.906  -23.959  -7.323 0.0000000000
9523  -5.988  -26.304  -1.709 0.0000000000
9586  -4.821  -26.075  -0.821 0.0000000000
9369  -6.570  -30.903  0.889 0.0000000000
9362  -6.930  -28.856  -0.830 0.0000000000
9399  -6.728  -32.261  2.894 0.0000000000
9127  -7.597  -33.037  1.820 0.0000000000
9072  -8.021  -29.355  -1.756 0.0000000000
8758  -9.558  -27.353  -4.058 0.0000000000
8478  -9.961  -25.886  -7.112 0.0000000000
8803  -8.094  -25.180  -7.891 0.0000000000
9069  -6.845  -25.116  -7.212 0.0000000000
9189  -5.459  -24.381  -10.280 0.0000000000
9279  -4.432  -23.025  -13.363 0.0000000000
9526  -2.372  -21.674  -15.660 0.0000000000
9496  -3.188  -23.181  -12.466 0.0000000000
9460  -4.140  -24.432  -9.464 0.0000000000
9383  -5.639  -25.007  -6.430 0.0000000000
9563  -2.935  -24.321  -8.480 0.0000000000
9655  -3.164  -43.609  12.921 0.0000000000
9707  -1.595  -42.310  13.409 0.0000000000
9646  -5.329  -44.821  11.453 0.0000000000
9691  -3.620  -43.246  10.103 0.0000000000
9669  -3.899  -42.504  8.451 0.0000000000
9635  -3.075  -40.347  7.103 0.0000000000
9673  -3.378  -38.104  6.340 0.0000000000
9612  -6.566  -36.108  6.568 0.0000000000
9271  -8.180  -35.829  6.349 0.0000000000
9186  -8.423  -34.973  6.016 0.0000000000
9227  -8.100  -33.804  4.023 0.0000000000
8954  -9.121  -34.432  3.176 0.0000000000
8842  -8.761  -33.767  0.926 0.0000000000
8786  -8.700  -32.288  -1.115 0.0000000000
8480  -10.404  -29.350  -4.296 0.0000000000
9787  -1.144  -41.704  11.480 0.0000000000
9834  -0.004  -40.234  11.992 0.0000000000
9820  0.045  -39.460  9.982 0.0000000000
9783  -0.650  -39.800  8.824 0.0000000000
9737  -1.611  -38.876  7.292 0.0000000000
9528  -5.774  -40.776  6.003 0.0000000000
8987  -7.802  -40.927  5.284 0.0000000000
8869  -8.762  -38.412  4.832 0.0000000000
8516  -10.917  -37.257  4.986 0.0000000000
8413  -11.370  -36.531  4.917 0.0000000000
8568  -11.616  -35.840  4.249 0.0000000000
8667  -10.249  -34.692  1.413 0.0000000000
8826  -10.441  -35.592  4.729 0.0000000000
8908  -9.360  -35.298  5.321 0.0000000000
9557  -7.088  -37.222  5.708 0.0000000000
9531  -2.196  -20.832  -17.144 0.0000000000
9594  -1.109  -19.588  -17.130 0.0000000000
9522  -2.643  -18.120  -19.009 0.0000000000
9582  -2.119  -16.388  -18.204 0.0000000000
9501  -3.376  -14.115  -19.266 0.0000000000
9562  -3.149  -12.369  -17.385 0.0000000000
9449  -4.199  -9.816  -16.903 0.0000000000
9534  -3.214  -7.064  -15.968 0.0000000000
9592  -1.387  -2.068  -17.026 0.0000000000
