#!ascii label  , from subject  vox2ras=TkReg
504
5669  1.044  2.617  8.883 0.0000000000
4581  0.870  2.046  7.546 0.0000000000
3958  0.725  0.997  7.494 0.0000000000
4607  0.589  0.537  8.784 0.0000000000
5285  0.485  -0.423  8.721 0.0000000000
5397  0.522  -1.370  8.775 0.0000000000
5461  0.768  -2.293  8.818 0.0000000000
6557  1.015  -3.218  8.848 0.0000000000
1295  1.149  -3.786  10.213 0.0000000000
1409  1.262  -4.832  10.207 0.0000000000
7139  1.263  -5.846  10.195 0.0000000000
7159  1.174  -6.464  11.606 0.0000000000
1580  0.936  -6.221  13.015 0.0000000000
7199  0.777  -6.791  14.034 0.0000000000
7219  0.772  -6.593  15.046 0.0000000000
2421  0.570  -5.729  15.091 0.0000000000
6982  0.708  -5.473  16.099 0.0000000000
7245  0.997  -6.373  16.091 0.0000000000
4870  1.965  -8.591  18.456 0.0000000000
6722  1.751  -9.247  19.656 0.0000000000
6677  1.390  -10.031  19.560 0.0000000000
6941  0.891  -10.712  19.675 0.0000000000
6917  0.279  -11.386  19.729 0.0000000000
9740  -0.014  -11.149  20.883 0.0000000000
9603  -0.547  -11.877  20.916 0.0000000000
9319  -0.900  -12.672  21.018 0.0000000000
8886  -0.829  -13.202  22.258 0.0000000000
7609  -0.534  -14.056  22.266 0.0000000000
7608  0.133  -13.769  23.270 0.0000000000
7963  -0.258  -12.944  23.308 0.0000000000
4563  -0.500  -12.130  23.272 0.0000000000
4586  -0.529  -11.364  23.187 0.0000000000
4722  -0.241  -10.881  21.992 0.0000000000
4562  -0.635  -11.584  22.051 0.0000000000
4564  -0.817  -12.370  22.162 0.0000000000
9754  0.548  -10.452  20.803 0.0000000000
6775  1.102  -9.762  20.758 0.0000000000
5721  -0.351  0.395  15.042 0.0000000000
6031  -0.346  0.311  13.902 0.0000000000
6524  -0.252  -0.572  13.929 0.0000000000
4867  -0.146  -1.449  13.908 0.0000000000
4754  0.022  -1.587  12.859 0.0000000000
4790  0.282  -2.460  12.916 0.0000000000
5607  0.633  -2.545  11.585 0.0000000000
1294  0.947  -3.391  11.585 0.0000000000
1354  1.117  -4.456  11.634 0.0000000000
1466  1.184  -5.456  11.646 0.0000000000
4580  0.818  1.538  8.866 0.0000000000
4045  0.385  0.873  10.175 0.0000000000
4044  0.333  -0.093  10.093 0.0000000000
4043  0.081  0.185  11.451 0.0000000000
4084  0.167  -0.753  11.487 0.0000000000
4828  -0.030  -2.318  13.985 0.0000000000
6373  -0.085  -3.081  15.112 0.0000000000
4981  0.134  -3.728  16.135 0.0000000000
447  1.534  -14.688  -1.098 0.0000000000
2824  1.431  -15.447  -0.912 0.0000000000
445  1.538  -13.832  -1.171 0.0000000000
3748  1.664  -13.267  0.212 0.0000000000
3798  1.761  -13.573  1.566 0.0000000000
3832  1.785  -13.845  2.952 0.0000000000
3797  1.506  -13.053  2.967 0.0000000000
3878  1.395  -13.314  4.248 0.0000000000
3926  0.927  -12.769  5.448 0.0000000000
3703  0.986  -12.969  6.652 0.0000000000
7397  0.815  -12.468  7.780 0.0000000000
8663  0.795  -12.068  8.913 0.0000000000
7745  0.795  -11.735  10.104 0.0000000000
7769  0.923  -11.454  11.295 0.0000000000
4918  1.191  -12.023  12.391 0.0000000000
4917  1.359  -11.758  13.685 0.0000000000
6598  1.459  -11.538  14.836 0.0000000000
6597  1.445  -11.386  16.015 0.0000000000
6870  1.361  -11.159  17.262 0.0000000000
6897  1.101  -10.969  18.501 0.0000000000
6871  0.616  -11.600  18.542 0.0000000000
8963  0.185  -15.636  17.209 0.0000000000
6668  -0.032  -14.818  17.306 0.0000000000
6638  -0.086  -13.999  17.439 0.0000000000
6140  0.519  -13.439  16.198 0.0000000000
6547  0.873  -12.712  16.287 0.0000000000
6571  1.243  -12.058  16.119 0.0000000000
8626  1.173  -15.396  8.554 0.0000000000
7321  1.333  -14.630  8.633 0.0000000000
7342  1.276  -13.772  8.730 0.0000000000
8643  1.027  -12.893  8.845 0.0000000000
6582  1.151  -4.261  8.816 0.0000000000
6607  1.170  -5.347  8.821 0.0000000000
3670  1.092  -6.278  8.755 0.0000000000
3709  0.970  -7.281  8.697 0.0000000000
3745  0.716  -7.769  7.308 0.0000000000
3584  0.584  -8.696  7.259 0.0000000000
3628  0.443  -9.503  7.227 0.0000000000
325  0.368  -10.233  7.360 0.0000000000
394  0.461  -10.958  7.517 0.0000000000
4539  0.587  -11.717  7.672 0.0000000000
2617  0.893  -11.556  0.427 0.0000000000
2615  0.978  -11.893  1.685 0.0000000000
5820  0.457  -11.171  1.728 0.0000000000
6383  0.062  -10.438  1.884 0.0000000000
154  -0.118  -9.991  2.959 0.0000000000
109  -0.304  -9.251  2.941 0.0000000000
271  -0.088  -8.729  3.828 0.0000000000
2666  -0.097  -7.789  3.914 0.0000000000
2573  -0.116  -6.860  3.856 0.0000000000
1582  -0.184  -5.895  3.936 0.0000000000
1527  -0.225  -4.969  3.888 0.0000000000
1018  -0.228  -3.986  3.917 0.0000000000
832  -0.167  -3.036  3.923 0.0000000000
833  -0.074  -2.058  3.980 0.0000000000
3609  0.010  -1.017  3.966 0.0000000000
5443  -1.011  -7.112  1.288 0.0000000000
5484  -0.779  -7.316  2.101 0.0000000000
2637  -0.473  -7.610  2.898 0.0000000000
3059  0.291  -7.077  4.993 0.0000000000
3447  0.547  -7.416  6.122 0.0000000000
6531  -0.283  -3.316  1.248 0.0000000000
8512  -0.579  -4.438  1.844 0.0000000000
8526  -0.742  -5.390  1.948 0.0000000000
5485  -0.826  -6.405  2.037 0.0000000000
2702  -0.383  -8.478  2.932 0.0000000000
1078  0.162  -8.912  4.959 0.0000000000
3552  0.312  -9.168  6.022 0.0000000000
774  0.495  -9.874  8.458 0.0000000000
465  0.482  -10.566  8.673 0.0000000000
830  0.622  -10.272  9.785 0.0000000000
4647  0.714  -9.438  9.855 0.0000000000
4765  0.747  -9.863  11.226 0.0000000000
3961  0.831  -9.035  11.358 0.0000000000
4005  0.820  -8.735  12.771 0.0000000000
5878  0.866  -7.924  12.856 0.0000000000
4117  0.925  -8.500  13.842 0.0000000000
4161  1.254  -9.136  14.837 0.0000000000
5020  1.390  -9.966  14.768 0.0000000000
5059  1.459  -10.791  14.664 0.0000000000
6521  1.338  -12.221  14.966 0.0000000000
6522  1.115  -12.970  14.897 0.0000000000
6142  0.799  -13.711  14.831 0.0000000000
8902  0.550  -14.452  14.755 0.0000000000
8895  0.877  -14.065  13.435 0.0000000000
6083  0.621  -14.760  13.391 0.0000000000
7262  0.896  -14.361  12.038 0.0000000000
7293  1.024  -14.665  10.918 0.0000000000
6053  0.752  -15.084  11.948 0.0000000000
3634  0.325  -10.835  0.579 0.0000000000
9306  1.135  -12.269  2.916 0.0000000000
3927  1.104  -12.581  4.209 0.0000000000
5069  1.657  -14.015  4.379 0.0000000000
3658  1.532  -14.327  5.370 0.0000000000
3006  1.411  -14.678  6.383 0.0000000000
6835  1.332  -15.033  7.434 0.0000000000
7268  1.170  -15.038  9.704 0.0000000000
9192  -0.186  -15.282  19.835 0.0000000000
6739  -0.718  -14.487  19.946 0.0000000000
6719  -0.547  -13.851  18.712 0.0000000000
3657  1.282  -13.791  6.511 0.0000000000
3671  0.848  -6.841  7.390 0.0000000000
3826  1.090  -7.387  11.569 0.0000000000
3828  0.808  -8.195  8.618 0.0000000000
3863  -0.997  -8.108  1.248 0.0000000000
3925  0.614  -12.033  5.370 0.0000000000
4046  0.855  -9.601  12.665 0.0000000000
4086  1.030  -9.312  13.753 0.0000000000
4338  0.159  -1.311  5.123 0.0000000000
4405  1.704  -14.870  4.122 0.0000000000
4499  0.430  -11.456  6.464 0.0000000000
4513  0.433  -0.938  7.444 0.0000000000
4770  -0.593  -4.256  0.904 0.0000000000
4800  -1.030  -6.169  1.194 0.0000000000
4801  -1.172  -5.984  0.286 0.0000000000
4802  -0.893  -5.206  1.014 0.0000000000
4901  -0.193  -2.231  15.056 0.0000000000
4947  1.315  -10.982  13.637 0.0000000000
4987  1.151  -10.159  13.683 0.0000000000
5695  0.096  1.124  11.580 0.0000000000
5722  -0.340  1.215  14.019 0.0000000000
5811  1.562  -9.769  15.924 0.0000000000
5877  0.873  -7.677  13.962 0.0000000000
6009  -0.215  0.233  12.829 0.0000000000
6141  0.350  -14.188  16.096 0.0000000000
6440  0.102  -10.183  4.028 0.0000000000
6493  1.141  -13.314  13.548 0.0000000000
6494  1.120  -13.579  12.162 0.0000000000
6525  -0.109  -0.638  12.805 0.0000000000
6548  -0.259  -1.340  15.032 0.0000000000
6642  1.804  -9.478  18.409 0.0000000000
7286  0.078  -13.161  17.501 0.0000000000
7340  1.176  -13.413  9.920 0.0000000000
7341  1.260  -14.218  9.843 0.0000000000
7362  1.161  -13.925  10.985 0.0000000000
7456  0.050  -14.797  22.185 0.0000000000
7746  1.014  -12.285  11.226 0.0000000000
7753  1.855  -14.574  3.061 0.0000000000
9371  0.700  -11.791  4.149 0.0000000000
26  -0.547  -9.480  0.903 0.0000000000
1139  0.728  -2.820  7.492 0.0000000000
1525  0.867  -5.233  13.057 0.0000000000
1677  0.207  -5.175  4.990 0.0000000000
1961  1.827  -15.128  1.766 0.0000000000
2616  1.282  -12.386  0.248 0.0000000000
2818  0.232  -1.518  6.255 0.0000000000
2868  1.714  -14.959  0.319 0.0000000000
2902  1.872  -14.364  1.632 0.0000000000
3012  0.652  -6.472  6.153 0.0000000000
3533  -0.703  -8.292  2.015 0.0000000000
3785  1.027  -7.697  10.113 0.0000000000
4461  0.347  -10.990  4.109 0.0000000000
4629  0.792  -10.693  11.170 0.0000000000
5668  0.637  1.840  10.302 0.0000000000
5694  -0.233  1.124  12.916 0.0000000000
5696  0.236  2.044  11.678 0.0000000000
5769  1.547  -10.618  15.900 0.0000000000
5841  1.580  -10.418  17.087 0.0000000000
5908  1.099  -8.293  14.891 0.0000000000
6007  1.489  -8.953  15.990 0.0000000000
6200  0.570  -3.357  12.987 0.0000000000
6232  0.771  -4.274  13.020 0.0000000000
6289  0.145  -3.183  14.083 0.0000000000
6345  -0.135  -10.125  0.810 0.0000000000
6410  0.202  -10.707  2.977 0.0000000000
6462  -0.028  -2.908  16.164 0.0000000000
6474  0.130  -9.685  5.023 0.0000000000
6492  1.165  -12.804  12.285 0.0000000000
6523  1.315  -12.548  13.655 0.0000000000
6559  1.713  -9.630  17.178 0.0000000000
6613  1.513  -10.290  18.406 0.0000000000
6629  -0.167  -2.085  16.162 0.0000000000
6691  -0.367  -14.697  18.632 0.0000000000
6766  -0.863  -13.688  19.949 0.0000000000
6797  -0.330  -13.030  18.643 0.0000000000
6803  1.130  -15.815  7.336 0.0000000000
6826  -0.682  -12.838  19.823 0.0000000000
6872  0.972  -11.827  17.343 0.0000000000
6904  1.354  -14.206  7.531 0.0000000000
6951  0.255  -4.821  15.112 0.0000000000
7181  0.909  -7.105  12.965 0.0000000000
7269  0.903  -15.388  10.797 0.0000000000
7270  0.914  -15.785  9.582 0.0000000000
7338  1.156  -13.341  7.683 0.0000000000
7726  1.153  -13.120  11.116 0.0000000000
7747  0.947  -12.578  9.973 0.0000000000
8931  0.275  -15.010  15.978 0.0000000000
8999  -0.019  -15.520  18.589 0.0000000000
9225  -0.190  -15.062  21.085 0.0000000000
9262  -0.768  -14.318  21.108 0.0000000000
9292  -1.041  -13.516  21.074 0.0000000000
9311  0.645  -11.494  2.938 0.0000000000
9330  0.519  -12.486  17.371 0.0000000000
9348  0.101  -12.265  18.625 0.0000000000
9581  -0.286  -12.058  19.812 0.0000000000
24  -0.548  -9.031  2.007 0.0000000000
25  -0.323  -9.729  1.947 0.0000000000
214  -0.035  -9.442  3.945 0.0000000000
267  0.316  -9.946  6.184 0.0000000000
268  0.292  -10.688  6.310 0.0000000000
269  0.209  -10.466  5.148 0.0000000000
446  1.716  -14.152  0.183 0.0000000000
834  -0.012  -2.287  5.108 0.0000000000
901  -0.217  -2.819  2.852 0.0000000000
952  -1.046  -4.929  -1.010 0.0000000000
954  -0.323  -3.770  2.812 0.0000000000
1079  -0.468  -4.670  2.863 0.0000000000
1136  -0.173  -2.514  1.774 0.0000000000
1140  0.269  -2.507  6.187 0.0000000000
1141  0.469  -1.869  7.499 0.0000000000
1202  -0.135  -1.784  2.816 0.0000000000
1204  0.484  -3.508  6.174 0.0000000000
1257  0.037  -3.235  5.046 0.0000000000
1296  0.941  -2.780  10.199 0.0000000000
1298  0.639  -4.491  6.170 0.0000000000
1299  0.950  -3.804  7.464 0.0000000000
1356  0.115  -4.231  4.999 0.0000000000
1583  -0.494  -5.646  2.892 0.0000000000
1633  0.626  -5.927  14.085 0.0000000000
1635  -0.475  -6.650  2.919 0.0000000000
1673  0.509  -5.046  14.134 0.0000000000
1676  0.297  -6.152  4.943 0.0000000000
2310  0.383  -16.253  18.423 0.0000000000
2774  0.207  -8.014  4.922 0.0000000000
2896  1.030  -4.803  7.435 0.0000000000
2927  0.687  -5.459  6.165 0.0000000000
2950  1.518  -15.188  5.174 0.0000000000
2951  1.252  -15.955  5.009 0.0000000000
2952  1.486  -15.740  3.893 0.0000000000
2981  1.314  -15.521  6.229 0.0000000000
3424  -0.815  -8.851  1.136 0.0000000000
3478  0.412  -8.314  6.067 0.0000000000
3656  1.238  -13.501  5.509 0.0000000000
3672  0.964  -5.869  7.442 0.0000000000
3786  1.182  -6.817  10.180 0.0000000000
3799  1.422  -12.716  1.583 0.0000000000
3866  0.925  -8.196  11.447 0.0000000000
3908  0.665  1.402  6.239 0.0000000000
3909  0.598  0.366  6.230 0.0000000000
3914  0.875  -8.585  9.956 0.0000000000
3970  0.668  -12.213  6.550 0.0000000000
4002  0.546  0.007  7.449 0.0000000000
4303  0.346  -0.289  5.052 0.0000000000
4368  1.703  -15.468  2.797 0.0000000000
4410  0.377  -0.597  6.233 0.0000000000
4460  0.372  -11.270  5.226 0.0000000000
4568  0.672  -9.069  8.539 0.0000000000
4575  0.598  -11.263  8.816 0.0000000000
4602  0.656  -10.958  9.998 0.0000000000
4679  0.395  -1.025  10.060 0.0000000000
4687  -1.312  -5.852  -0.621 0.0000000000
4715  0.346  -1.668  11.468 0.0000000000
4759  1.272  -7.248  16.102 0.0000000000
4760  1.429  -8.112  16.034 0.0000000000
4761  0.976  -7.421  14.992 0.0000000000
4771  -0.936  -5.037  0.045 0.0000000000
4772  -0.590  -4.078  -0.162 0.0000000000
4794  1.754  -7.907  17.224 0.0000000000
4812  -0.160  2.073  12.998 0.0000000000
4832  1.732  -8.782  17.184 0.0000000000
4872  0.992  -10.351  12.575 0.0000000000
4907  1.095  -11.205  12.517 0.0000000000
4941  -0.325  -0.474  15.044 0.0000000000
4982  0.404  -4.616  16.137 0.0000000000
4983  0.056  -3.919  15.091 0.0000000000
5499  0.629  -1.902  10.157 0.0000000000
6259  0.336  -4.078  14.083 0.0000000000
3910  0.449  0.760  5.039 0.0000000000
2483  -2.044  -8.797  -1.870 0.0000000000
2482  -1.550  -9.006  -1.276 0.0000000000
3388  -1.138  -9.147  -0.611 0.0000000000
3315  -0.818  -9.325  0.102 0.0000000000
2749  1.008  -14.880  -3.733 0.0000000000
4306  1.420  -14.403  -2.483 0.0000000000
1135  -0.178  -1.495  1.797 0.0000000000
1137  -0.201  -2.305  0.669 0.0000000000
2747  1.296  -15.168  -2.324 0.0000000000
2748  0.745  -15.661  -3.494 0.0000000000
2778  1.006  -15.870  -2.110 0.0000000000
2921  1.279  -16.228  2.590 0.0000000000
3387  -1.112  -8.646  0.419 0.0000000000
3608  0.106  0.003  3.966 0.0000000000
3610  -0.166  -0.737  2.950 0.0000000000
4442  -0.685  -3.969  -1.313 0.0000000000
4457  -0.525  -3.062  -1.401 0.0000000000
4663  -0.326  1.284  15.147 0.0000000000
4665  -0.284  0.453  16.261 0.0000000000
4811  0.011  3.056  13.105 0.0000000000
4813  0.347  3.006  11.813 0.0000000000
4850  -0.280  2.195  14.104 0.0000000000
4939  -0.273  -0.421  16.180 0.0000000000
4940  -0.261  -1.284  16.185 0.0000000000
5283  -0.286  2.091  15.511 0.0000000000
5360  -0.308  -3.076  -0.362 0.0000000000
5667  0.819  2.938  10.420 0.0000000000
6054  0.543  -15.512  13.189 0.0000000000
6109  0.449  -15.219  14.600 0.0000000000
6729  -0.226  2.992  14.491 0.0000000000
6742  1.019  -16.220  6.023 0.0000000000
7976  0.250  -12.523  24.336 0.0000000000
8474  1.186  -14.064  -3.831 0.0000000000
8645  0.421  -15.841  15.863 0.0000000000
1916  1.006  -16.402  0.298 0.0000000000
3635  0.553  -11.298  -0.797 0.0000000000
3494  -3.051  -6.600  -2.151 0.0000000000
3592  1.225  -12.557  -2.408 0.0000000000
8842  0.188  -11.059  -1.851 0.0000000000
897  -2.094  -5.762  -2.238 0.0000000000
895  -1.284  -4.811  -2.008 0.0000000000
896  -1.585  -5.792  -1.464 0.0000000000
1869  0.889  -16.654  1.389 0.0000000000
1914  1.512  -15.633  0.514 0.0000000000
1915  1.477  -15.961  1.494 0.0000000000
3278  -0.421  -9.941  -0.140 0.0000000000
3535  -2.845  -5.817  -2.749 0.0000000000
3559  0.785  -11.746  -2.176 0.0000000000
3560  0.900  -12.228  -3.615 0.0000000000
3561  0.344  -11.456  -3.287 0.0000000000
3636  0.069  -10.583  -0.543 0.0000000000
3681  1.105  -12.038  -0.942 0.0000000000
3714  1.478  -12.886  -1.106 0.0000000000
4304  -1.840  -4.883  -2.727 0.0000000000
4320  -1.597  -4.053  -3.140 0.0000000000
4357  -1.003  -4.013  -2.287 0.0000000000
6320  1.188  -13.123  -3.785 0.0000000000
7302  1.124  -16.103  -0.728 0.0000000000
9206  1.426  -13.482  -2.528 0.0000000000
5603  -2.541  -7.550  -1.283 0.0000000000
4731  -1.543  -6.791  -0.221 0.0000000000
6602  -1.621  -7.749  -0.047 0.0000000000
2517  -1.170  -9.606  -1.807 0.0000000000
1738  -0.786  -10.229  -2.264 0.0000000000
1693  -0.266  -10.846  -2.820 0.0000000000
2300  -0.309  -10.412  -1.478 0.0000000000
3200  -0.729  -9.770  -1.059 0.0000000000
3660  -1.917  -8.350  -0.869 0.0000000000
3704  -1.448  -8.531  -0.264 0.0000000000
3822  -1.298  -7.858  0.571 0.0000000000
4653  -2.433  -6.639  -1.561 0.0000000000
4688  -1.927  -6.699  -0.907 0.0000000000
4779  -3.182  -7.427  -1.828 0.0000000000
4839  -1.272  -6.927  0.502 0.0000000000
5568  -2.600  -8.603  -2.453 0.0000000000
5604  -2.402  -8.196  -1.452 0.0000000000
5605  -3.001  -8.074  -2.014 0.0000000000
5637  -2.026  -7.650  -0.714 0.0000000000
4433  -0.971  -3.093  -2.385 0.0000000000
4537  -0.578  -1.298  -0.162 0.0000000000
4535  -0.514  -0.560  1.016 0.0000000000
4570  -0.306  -0.643  1.950 0.0000000000
5516  -0.175  0.155  3.020 0.0000000000
5551  0.041  0.882  4.119 0.0000000000
5592  -0.141  1.700  4.369 0.0000000000
7819  -0.449  2.500  4.641 0.0000000000
5590  0.167  2.529  5.501 0.0000000000
5687  0.516  3.201  6.710 0.0000000000
5688  0.332  4.074  6.969 0.0000000000
4664  -0.252  1.223  16.584 0.0000000000
5830  -0.222  -0.350  17.329 0.0000000000
7296  1.896  -5.785  18.361 0.0000000000
7323  2.045  -6.728  18.349 0.0000000000
4905  2.078  -7.687  18.400 0.0000000000
8400  0.551  4.746  8.343 0.0000000000
5686  0.821  3.924  8.018 0.0000000000
5741  1.026  3.573  9.256 0.0000000000
1086  0.570  4.675  11.093 0.0000000000
1088  0.328  3.864  12.141 0.0000000000
4432  -0.645  -2.181  -1.332 0.0000000000
4497  -0.367  -2.196  -0.326 0.0000000000
4536  -0.333  -1.391  0.788 0.0000000000
4979  -0.170  -1.150  17.276 0.0000000000
5015  -0.007  -1.939  17.267 0.0000000000
5017  0.729  -4.282  17.172 0.0000000000
5053  1.086  -5.149  17.160 0.0000000000
5591  0.365  1.641  5.256 0.0000000000
5621  0.621  2.311  6.445 0.0000000000
5652  -0.035  3.389  5.721 0.0000000000
5713  0.903  3.006  7.737 0.0000000000
6275  0.771  3.869  10.764 0.0000000000
6276  0.851  4.490  9.554 0.0000000000
6495  0.408  -3.446  17.203 0.0000000000
6818  0.149  -2.701  17.216 0.0000000000
7251  1.414  -6.078  17.161 0.0000000000
7416  1.643  -6.996  17.201 0.0000000000
9839  -0.058  4.028  13.326 0.0000000000
9841  -0.350  3.905  14.622 0.0000000000
2642  -0.039  -16.162  -4.487 0.0000000000
2672  0.319  -16.332  -3.207 0.0000000000
2707  0.339  -15.452  -4.752 0.0000000000
2708  -0.174  -15.136  -5.853 0.0000000000
2706  0.645  -14.620  -5.009 0.0000000000
6297  0.791  -13.707  -5.073 0.0000000000
6296  0.689  -12.769  -4.938 0.0000000000
3523  0.312  -11.884  -4.655 0.0000000000
1601  -0.787  -10.670  -3.630 0.0000000000
2441  -1.225  -10.071  -3.070 0.0000000000
6268  0.045  -14.272  -6.011 0.0000000000
6298  0.106  -13.382  -5.974 0.0000000000
9073  -0.059  -12.539  -5.790 0.0000000000
1166  -0.389  -11.708  -5.404 0.0000000000
1225  -0.797  -11.062  -4.897 0.0000000000
1277  -0.241  -11.204  -4.177 0.0000000000
2399  -1.630  -9.364  -2.423 0.0000000000
822  0.580  -16.524  -1.842 0.0000000000
1796  0.420  -17.061  0.188 0.0000000000
1874  0.440  -16.428  17.092 0.0000000000
2456  0.337  -16.035  19.702 0.0000000000
2922  1.047  -16.447  3.723 0.0000000000
2923  0.765  -16.866  2.474 0.0000000000
3783  0.401  -15.824  20.859 0.0000000000
4720  0.268  -10.196  21.874 0.0000000000
4766  -0.371  0.986  3.305 0.0000000000
4767  -0.490  0.232  2.202 0.0000000000
4945  2.001  -8.421  19.700 0.0000000000
6055  0.626  -15.829  11.823 0.0000000000
6148  0.812  -16.600  4.799 0.0000000000
6804  1.510  -8.964  20.851 0.0000000000
7202  0.738  -9.495  21.802 0.0000000000
7205  0.663  -16.434  9.489 0.0000000000
7235  0.496  -16.835  -0.847 0.0000000000
7249  0.644  -16.106  10.665 0.0000000000
7343  2.207  -7.441  19.716 0.0000000000
7457  0.628  -15.532  22.069 0.0000000000
7482  0.603  -14.594  23.198 0.0000000000
7995  0.649  -13.383  24.362 0.0000000000
8073  0.426  -16.590  15.743 0.0000000000
8229  -0.718  1.742  3.602 0.0000000000
8449  -0.374  -15.913  -5.617 0.0000000000
8554  0.467  -16.302  13.125 0.0000000000
8590  0.790  -16.486  7.199 0.0000000000
8596  0.483  -16.044  14.510 0.0000000000
8607  0.918  -16.095  8.436 0.0000000000
7207  0.543  -16.742  8.267 0.0000000000
7364  1.869  -8.077  21.001 0.0000000000
8540  0.419  -16.516  11.726 0.0000000000
3827  0.915  -16.411  21.977 0.0000000000
8026  0.917  -13.074  25.417 0.0000000000
4646  0.998  -15.378  23.189 0.0000000000
7625  0.980  -14.287  24.299 0.0000000000
4522  1.147  -14.576  26.523 0.0000000000
8112  1.118  -13.693  26.570 0.0000000000
8349  0.992  -12.745  26.531 0.0000000000
8005  0.618  -12.168  25.350 0.0000000000
5178  -0.120  -11.724  24.262 0.0000000000
4480  1.328  -14.893  25.436 0.0000000000
4681  1.242  -15.153  24.278 0.0000000000
4048  1.252  -15.958  24.267 0.0000000000
3963  1.181  -16.130  23.142 0.0000000000
7924  1.196  -14.000  25.419 0.0000000000
