#!ascii label  , from subject  vox2ras=TkReg
350
116  -0.125  13.670  18.648 0.0000000000
110  0.011  10.660  20.543 0.0000000000
91  0.148  2.798  23.759 0.0000000000
49  0.077  -3.712  24.534 0.0000000000
63  0.223  -6.097  25.905 0.0000000000
74  0.385  -12.047  25.995 0.0000000000
44  -0.074  -13.405  23.691 0.0000000000
77  0.217  -15.583  24.838 0.0000000000
34  0.019  -16.904  22.557 0.0000000000
69  0.449  -19.963  24.293 0.0000000000
102  0.740  -22.542  24.284 0.0000000000
66  0.324  -23.280  23.337 0.0000000000
84  0.837  -26.836  23.868 0.0000000000
59  0.183  -26.611  22.324 0.0000000000
87  0.209  -29.245  22.315 0.0000000000
101  0.093  -32.590  21.015 0.0000000000
158  1.277  -39.197  17.535 0.0000000000
124  0.466  -37.012  16.557 0.0000000000
151  0.616  -37.489  15.129 0.0000000000
111  0.337  -35.900  16.091 0.0000000000
105  0.321  -34.786  15.644 0.0000000000
106  0.707  -32.569  14.859 0.0000000000
147  1.116  -32.953  13.583 0.0000000000
191  1.577  -33.279  12.322 0.0000000000
60  0.151  -9.095  1.250 0.0000000000
103  -0.085  20.572  5.550 0.0000000000
108  1.133  8.892  3.639 0.0000000000
99  1.896  -2.288  -1.029 0.0000000000
100  1.612  -8.568  -4.181 0.0000000000
144  1.170  -11.580  -6.837 0.0000000000
157  0.680  -13.579  -7.721 0.0000000000
182  0.449  -14.748  -9.502 0.0000000000
254  0.850  -17.536  -12.477 0.0000000000
305  1.015  -19.179  -13.413 0.0000000000
308  0.846  -20.786  -10.861 0.0000000000
250  0.571  -19.891  -9.033 0.0000000000
322  1.032  -22.229  -8.237 0.0000000000
259  0.888  -21.167  -6.596 0.0000000000
340  2.068  -23.182  -5.660 0.0000000000
285  1.913  -22.086  -4.191 0.0000000000
355  5.074  -25.302  0.459 0.0000000000
298  4.405  -24.866  1.750 0.0000000000
409  6.178  -28.229  4.704 0.0000000000
358  5.979  -27.685  5.981 0.0000000000
270  5.878  -27.135  7.262 0.0000000000
414  6.735  -29.604  6.646 0.0000000000
282  6.678  -28.674  9.251 0.0000000000
354  7.318  -31.255  8.507 0.0000000000
278  7.002  -29.679  10.200 0.0000000000
257  6.218  -31.572  11.202 0.0000000000
120  0.122  -34.840  18.889 0.0000000000
82  -0.041  -32.152  19.192 0.0000000000
83  0.025  -32.696  17.900 0.0000000000
80  0.137  -31.619  17.437 0.0000000000
67  0.492  -28.988  17.743 0.0000000000
107  1.506  -29.986  15.506 0.0000000000
140  4.401  -27.463  15.051 0.0000000000
134  4.072  -25.904  15.462 0.0000000000
98  4.169  -23.272  15.296 0.0000000000
138  5.572  -24.495  13.390 0.0000000000
112  4.688  -21.756  12.675 0.0000000000
109  3.937  -21.605  10.524 0.0000000000
75  2.491  -18.244  11.139 0.0000000000
72  -0.373  -15.719  6.168 0.0000000000
42  -0.498  -14.080  6.579 0.0000000000
33  -0.543  -12.442  4.697 0.0000000000
17  -0.153  -10.731  7.388 0.0000000000
16  -0.149  -9.865  6.523 0.0000000000
21  0.104  -8.071  4.918 0.0000000000
27  1.322  -2.718  5.935 0.0000000000
52  1.429  -2.949  3.840 0.0000000000
76  0.660  3.985  4.576 0.0000000000
31  0.311  2.889  7.082 0.0000000000
9  0.054  4.101  11.861 0.0000000000
8  0.035  3.960  13.604 0.0000000000
25  0.032  8.903  14.006 0.0000000000
24  0.060  5.678  17.354 0.0000000000
38  0.026  7.997  17.512 0.0000000000
50  -0.024  7.486  19.353 0.0000000000
71  -0.072  9.785  19.498 0.0000000000
35  0.043  3.873  19.958 0.0000000000
22  0.099  1.667  19.666 0.0000000000
14  0.135  -0.483  19.301 0.0000000000
2  0.081  -1.091  16.339 0.0000000000
6  0.136  -4.552  18.387 0.0000000000
12  0.117  -8.645  19.206 0.0000000000
23  0.215  -15.471  20.094 0.0000000000
15  1.525  -14.643  16.685 0.0000000000
26  0.401  -18.251  20.286 0.0000000000
37  0.982  -17.879  18.638 0.0000000000
45  0.847  -21.648  19.429 0.0000000000
62  2.927  -20.880  16.481 0.0000000000
154  5.414  -24.076  11.266 0.0000000000
126  3.026  -21.539  8.309 0.0000000000
92  0.489  -18.266  6.743 0.0000000000
88  0.183  -17.376  3.304 0.0000000000
133  1.659  -19.019  0.259 0.0000000000
172  2.043  -19.903  -1.253 0.0000000000
117  1.641  -17.644  -1.908 0.0000000000
113  1.270  -15.969  -1.328 0.0000000000
93  0.329  -15.754  1.279 0.0000000000
57  0.108  -13.321  0.875 0.0000000000
64  0.590  -11.796  -0.955 0.0000000000
10  0.997  -5.789  7.773 0.0000000000
3  0.204  -1.502  11.498 0.0000000000
0  0.062  -0.550  12.692 0.0000000000
13  0.063  2.367  16.067 0.0000000000
30  0.037  10.611  11.458 0.0000000000
47  -0.011  13.498  9.570 0.0000000000
70  -0.051  14.785  10.295 0.0000000000
97  -0.178  17.069  11.782 0.0000000000
96  -0.053  17.781  8.034 0.0000000000
115  -0.310  20.195  9.404 0.0000000000
1  0.356  -4.781  13.445 0.0000000000
4  0.432  -6.934  14.777 0.0000000000
5  0.983  -7.775  9.186 0.0000000000
7  0.121  1.738  9.614 0.0000000000
11  1.522  -9.653  12.831 0.0000000000
18  0.129  -5.998  20.984 0.0000000000
19  1.442  -12.431  11.185 0.0000000000
20  -0.034  -13.002  21.853 0.0000000000
28  0.031  -14.768  21.292 0.0000000000
29  0.073  -5.220  22.186 0.0000000000
32  -0.426  -11.622  3.786 0.0000000000
36  0.231  9.352  8.948 0.0000000000
39  0.007  11.420  14.014 0.0000000000
40  0.055  -1.278  23.070 0.0000000000
41  0.217  -20.321  21.553 0.0000000000
43  -0.072  -10.497  23.636 0.0000000000
46  1.930  -14.938  11.716 0.0000000000
48  0.186  -26.288  20.636 0.0000000000
51  0.773  -6.296  1.341 0.0000000000
53  0.255  -28.451  18.910 0.0000000000
54  0.019  3.371  21.837 0.0000000000
55  2.927  -16.948  15.364 0.0000000000
56  0.192  12.048  7.152 0.0000000000
58  1.588  -23.901  17.998 0.0000000000
61  -0.267  -14.890  2.791 0.0000000000
65  0.029  -28.895  20.600 0.0000000000
68  -0.024  16.413  7.413 0.0000000000
73  3.396  -18.308  13.166 0.0000000000
78  -0.083  13.935  13.905 0.0000000000
79  0.019  -29.907  21.147 0.0000000000
81  1.117  -10.236  -2.653 0.0000000000
85  0.130  14.712  5.093 0.0000000000
86  -0.130  13.351  15.747 0.0000000000
89  0.023  5.530  22.097 0.0000000000
90  2.874  -23.610  16.631 0.0000000000
94  -0.003  -33.204  19.714 0.0000000000
104  1.036  -19.317  25.172 0.0000000000
114  1.434  -14.591  -3.292 0.0000000000
119  -0.314  20.127  14.341 0.0000000000
129  1.380  -13.162  -5.147 0.0000000000
130  -0.218  16.856  16.597 0.0000000000
139  -0.420  23.399  11.897 0.0000000000
141  1.416  -16.380  -3.961 0.0000000000
148  1.020  -15.063  -5.906 0.0000000000
155  5.875  -27.235  13.897 0.0000000000
167  0.952  -17.593  -5.592 0.0000000000
170  3.336  -22.979  5.725 0.0000000000
171  0.527  -16.289  -7.628 0.0000000000
173  6.433  -27.700  12.937 0.0000000000
180  5.353  -29.524  13.781 0.0000000000
188  4.783  -24.514  7.766 0.0000000000
201  5.905  -26.088  9.806 0.0000000000
203  3.592  -23.656  4.411 0.0000000000
204  0.585  -18.810  -7.272 0.0000000000
206  0.482  -18.141  -8.383 0.0000000000
207  6.398  -26.966  10.821 0.0000000000
210  1.183  -19.938  -5.021 0.0000000000
223  2.044  -20.929  -2.736 0.0000000000
247  0.602  -19.150  -10.238 0.0000000000
248  5.078  -25.687  5.235 0.0000000000
404  7.584  -31.594  7.261 0.0000000000
462  8.008  -32.051  6.067 0.0000000000
542  7.434  -30.799  4.132 0.0000000000
546  7.121  -29.374  2.154 0.0000000000
627  8.162  -26.089  -2.769 0.0000000000
475  3.828  -24.254  -8.401 0.0000000000
387  1.740  -22.919  -9.852 0.0000000000
339  5.762  -32.669  10.016 0.0000000000
399  2.751  -23.922  -7.101 0.0000000000
425  5.933  -25.598  -0.748 0.0000000000
468  6.538  -28.782  3.421 0.0000000000
471  6.978  -30.171  5.378 0.0000000000
488  6.987  -25.815  -1.823 0.0000000000
146  0.684  2.153  25.616 0.0000000000
128  0.360  0.177  25.327 0.0000000000
152  0.454  -4.222  26.357 0.0000000000
95  0.432  -7.270  26.522 0.0000000000
132  1.367  -9.603  27.450 0.0000000000
162  3.970  -13.033  28.117 0.0000000000
137  1.341  -15.973  26.134 0.0000000000
161  2.021  -24.406  25.045 0.0000000000
143  2.262  -28.737  24.673 0.0000000000
127  0.972  -31.194  23.345 0.0000000000
142  0.892  -34.614  22.089 0.0000000000
123  0.503  -35.299  20.786 0.0000000000
160  0.815  -36.982  19.908 0.0000000000
185  1.013  -39.066  14.200 0.0000000000
231  1.591  -39.862  11.462 0.0000000000
166  1.029  -38.309  12.296 0.0000000000
222  1.267  -37.411  10.446 0.0000000000
213  1.862  -34.948  9.887 0.0000000000
408  6.393  -34.319  7.803 0.0000000000
433  7.818  -33.992  7.274 0.0000000000
492  8.647  -34.329  6.477 0.0000000000
595  8.814  -33.297  5.894 0.0000000000
784  9.697  -33.685  4.988 0.0000000000
851  9.553  -33.132  4.014 0.0000000000
955  9.159  -32.175  1.894 0.0000000000
986  9.077  -30.715  -0.145 0.0000000000
985  9.357  -28.663  -1.871 0.0000000000
164  5.302  -16.889  27.614 0.0000000000
165  1.090  -35.913  11.434 0.0000000000
343  2.914  -36.699  7.707 0.0000000000
521  8.663  -32.574  4.963 0.0000000000
699  8.151  -31.483  2.949 0.0000000000
722  7.971  -30.030  0.948 0.0000000000
145  1.801  -4.571  -8.167 0.0000000000
214  0.420  -9.047  -12.190 0.0000000000
193  0.621  -12.370  -10.850 0.0000000000
211  0.741  -15.785  -11.398 0.0000000000
121  1.899  -2.393  -3.250 0.0000000000
122  1.896  -6.750  -5.625 0.0000000000
136  0.993  -9.735  -8.444 0.0000000000
380  1.471  -21.466  -12.663 0.0000000000
306  1.224  -18.016  -14.349 0.0000000000
376  1.475  -19.628  -15.283 0.0000000000
377  2.117  -16.926  -16.718 0.0000000000
290  1.760  -11.378  -13.914 0.0000000000
253  0.554  -9.307  -13.635 0.0000000000
226  1.232  -12.878  -12.235 0.0000000000
266  1.631  -14.897  -13.510 0.0000000000
321  2.155  -15.173  -15.166 0.0000000000
187  4.542  -39.146  22.484 0.0000000000
174  5.032  -34.944  24.664 0.0000000000
234  6.834  -34.960  25.227 0.0000000000
246  6.906  -31.624  25.932 0.0000000000
258  8.528  -28.756  27.185 0.0000000000
220  7.344  -26.941  26.740 0.0000000000
197  5.621  -28.163  26.032 0.0000000000
196  6.388  -22.067  26.962 0.0000000000
209  7.102  -19.936  27.745 0.0000000000
224  7.745  -20.354  28.665 0.0000000000
190  5.241  -31.541  25.445 0.0000000000
178  5.864  -19.521  27.216 0.0000000000
195  6.588  -15.717  28.514 0.0000000000
208  6.347  -9.748  29.834 0.0000000000
184  5.517  -7.472  29.661 0.0000000000
179  5.832  -2.958  29.841 0.0000000000
159  0.964  5.584  25.012 0.0000000000
175  1.414  10.663  23.376 0.0000000000
237  0.975  16.872  19.493 0.0000000000
169  4.363  -0.760  28.975 0.0000000000
156  4.278  -6.747  29.237 0.0000000000
168  0.038  21.034  15.289 0.0000000000
504  7.739  -35.944  6.142 0.0000000000
617  8.800  -36.234  5.694 0.0000000000
181  6.108  -13.015  28.959 0.0000000000
444  2.567  -21.833  -14.222 0.0000000000
459  2.926  -23.177  -11.255 0.0000000000
550  4.348  -23.127  -12.369 0.0000000000
586  5.143  -24.259  -9.469 0.0000000000
858  6.565  -24.109  -10.314 0.0000000000
899  11.424  -35.765  4.979 0.0000000000
913  7.736  -24.958  -7.487 0.0000000000
1073  11.974  -34.334  3.741 0.0000000000
1139  8.064  -23.888  -10.933 0.0000000000
1173  12.617  -35.818  4.664 0.0000000000
1186  9.116  -24.998  -8.185 0.0000000000
1199  10.473  -32.786  1.044 0.0000000000
1246  10.430  -31.349  -1.047 0.0000000000
1256  10.553  -29.309  -2.824 0.0000000000
1329  13.285  -34.552  3.380 0.0000000000
1447  11.996  -33.655  1.576 0.0000000000
1504  10.076  -24.352  -10.003 0.0000000000
1541  11.990  -32.622  -0.654 0.0000000000
1575  11.906  -28.832  -4.491 0.0000000000
1810  11.670  -24.287  -10.268 0.0000000000
1848  12.521  -26.151  -8.043 0.0000000000
202  4.498  -42.105  18.901 0.0000000000
261  6.925  -42.662  20.407 0.0000000000
312  7.505  -43.791  19.282 0.0000000000
287  7.513  -44.592  16.959 0.0000000000
241  2.579  -41.669  13.929 0.0000000000
272  3.044  -42.005  12.655 0.0000000000
277  2.790  -41.260  10.792 0.0000000000
189  1.326  -39.709  16.117 0.0000000000
318  3.036  -40.370  9.012 0.0000000000
263  2.707  -39.200  8.432 0.0000000000
429  5.307  -38.459  6.367 0.0000000000
980  10.522  -37.156  4.909 0.0000000000
1180  13.227  -36.526  4.584 0.0000000000
1439  13.843  -35.861  4.492 0.0000000000
1670  15.656  -36.570  4.434 0.0000000000
2032  16.407  -35.935  4.398 0.0000000000
1919  15.673  -35.217  3.981 0.0000000000
1608  14.669  -34.693  3.187 0.0000000000
1749  13.531  -33.914  1.223 0.0000000000
1823  13.701  -32.902  -1.028 0.0000000000
1865  15.512  -32.352  -2.328 0.0000000000
1551  13.444  -29.308  -5.047 0.0000000000
2097  14.492  -27.497  -7.367 0.0000000000
2078  13.749  -25.288  -9.282 0.0000000000
2055  12.638  -23.346  -11.750 0.0000000000
1781  10.619  -22.821  -13.135 0.0000000000
1457  9.123  -23.038  -12.842 0.0000000000
1106  7.260  -22.719  -13.929 0.0000000000
749  5.150  -21.704  -16.406 0.0000000000
518  3.386  -19.984  -18.230 0.0000000000
510  3.555  -18.537  -19.002 0.0000000000
436  2.414  -18.589  -17.841 0.0000000000
513  3.913  -16.779  -19.359 0.0000000000
451  3.882  -13.285  -17.761 0.0000000000
529  4.731  -12.951  -18.822 0.0000000000
407  3.106  -9.186  -16.104 0.0000000000
341  2.603  -11.500  -14.933 0.0000000000
221  2.279  -41.250  15.255 0.0000000000
388  3.235  -13.487  -16.422 0.0000000000
439  2.223  -19.937  -16.976 0.0000000000
441  2.823  -16.965  -18.266 0.0000000000
537  3.772  -21.819  -15.467 0.0000000000
778  5.868  -22.952  -13.221 0.0000000000
1996  16.113  -34.780  3.116 0.0000000000
2311  14.804  -24.227  -10.399 0.0000000000
192  -0.019  24.282  12.844 0.0000000000
244  2.188  25.529  14.508 0.0000000000
163  -0.497  26.483  9.279 0.0000000000
149  -0.660  25.465  8.374 0.0000000000
150  -0.515  23.146  6.811 0.0000000000
125  -0.498  23.238  4.817 0.0000000000
135  -0.368  21.642  2.344 0.0000000000
131  0.385  16.754  1.070 0.0000000000
118  2.057  10.033  0.942 0.0000000000
176  -0.711  25.897  4.070 0.0000000000
194  -0.613  28.324  5.604 0.0000000000
230  -0.251  29.329  6.491 0.0000000000
268  1.249  29.344  9.734 0.0000000000
249  -0.008  29.120  1.746 0.0000000000
198  -0.566  25.786  2.015 0.0000000000
218  2.152  23.949  15.731 0.0000000000
183  0.907  20.127  17.315 0.0000000000
229  1.126  13.707  21.519 0.0000000000
243  5.866  12.380  25.327 0.0000000000
235  6.135  9.443  26.953 0.0000000000
216  5.196  4.227  28.216 0.0000000000
217  6.271  1.940  29.656 0.0000000000
200  6.122  -3.647  30.786 0.0000000000
227  6.166  0.619  30.204 0.0000000000
