#!ascii label  , from subject  vox2ras=TkReg
524
7328  2.367  -7.418  -3.322 0.0000000000
7305  2.147  -6.625  -3.249 0.0000000000
8191  1.868  -5.741  -3.277 0.0000000000
8174  1.633  -4.759  -3.316 0.0000000000
8131  1.218  -3.941  -2.524 0.0000000000
7672  0.111  0.239  3.824 0.0000000000
7671  -0.005  0.811  4.807 0.0000000000
7261  -0.137  1.357  5.850 0.0000000000
2663  -0.228  1.878  6.976 0.0000000000
160  0.898  0.335  16.148 0.0000000000
1124  0.882  -0.519  16.082 0.0000000000
7234  0.843  -0.510  14.642 0.0000000000
2936  0.800  -1.397  14.519 0.0000000000
8337  0.761  -2.270  14.426 0.0000000000
8025  0.596  -2.406  13.061 0.0000000000
7554  0.409  -4.252  12.939 0.0000000000
3745  0.213  -4.484  11.556 0.0000000000
4779  0.142  -5.442  11.435 0.0000000000
1299  0.065  -5.688  10.075 0.0000000000
1416  0.143  -6.640  9.951 0.0000000000
1417  0.262  -7.539  9.829 0.0000000000
221  0.407  -7.914  8.447 0.0000000000
151  0.543  -8.772  8.319 0.0000000000
1294  0.701  -9.561  8.224 0.0000000000
3581  0.372  -15.629  4.715 0.0000000000
3615  0.468  -14.804  4.875 0.0000000000
7782  0.720  -14.048  4.996 0.0000000000
2795  0.977  -13.367  5.158 0.0000000000
2842  1.215  -12.667  5.306 0.0000000000
8253  1.174  -12.087  6.462 0.0000000000
8252  1.007  -11.618  7.548 0.0000000000
8733  0.978  -10.929  7.624 0.0000000000
1293  0.825  -10.258  7.934 0.0000000000
1356  0.229  -7.028  8.533 0.0000000000
8157  0.997  -4.211  -1.741 0.0000000000
7381  0.872  -4.432  -0.937 0.0000000000
7379  1.239  -5.389  -0.960 0.0000000000
7380  0.834  -4.704  -0.051 0.0000000000
7426  0.915  -4.924  0.774 0.0000000000
7525  1.034  -5.211  1.584 0.0000000000
7549  0.998  -5.538  2.409 0.0000000000
9846  0.955  -5.866  3.198 0.0000000000
8005  1.093  -6.785  3.060 0.0000000000
8291  0.892  -7.115  3.914 0.0000000000
7979  0.602  -6.577  4.994 0.0000000000
9572  0.470  -6.946  5.973 0.0000000000
1357  0.390  -7.426  7.188 0.0000000000
939  0.436  -8.398  9.711 0.0000000000
1068  0.495  -8.853  10.973 0.0000000000
7947  0.529  -9.299  11.981 0.0000000000
1726  0.363  -9.764  12.958 0.0000000000
1776  0.165  -10.321  13.974 0.0000000000
1727  0.093  -9.735  14.268 0.0000000000
5636  0.019  -10.249  15.309 0.0000000000
5635  0.165  -10.739  16.481 0.0000000000
5689  -0.086  -10.202  16.786 0.0000000000
5760  0.288  -10.618  18.050 0.0000000000
9763  0.889  -11.005  19.233 0.0000000000
9729  0.572  -10.427  19.635 0.0000000000
9860  1.259  -10.772  20.694 0.0000000000
5877  1.547  -11.356  20.379 0.0000000000
5913  1.844  -11.828  21.484 0.0000000000
5912  1.787  -12.322  22.325 0.0000000000
9896  1.225  -12.662  23.280 0.0000000000
9287  0.934  -12.412  24.453 0.0000000000
9292  0.538  -13.163  25.252 0.0000000000
2965  1.065  -15.788  12.657 0.0000000000
8761  0.928  -15.305  11.417 0.0000000000
8783  0.830  -14.473  11.467 0.0000000000
8505  0.729  -13.685  11.547 0.0000000000
8506  0.599  -12.980  11.653 0.0000000000
2167  0.559  -12.256  11.737 0.0000000000
8079  0.663  -11.859  10.725 0.0000000000
8022  0.633  -11.232  11.008 0.0000000000
1866  0.582  -10.582  11.337 0.0000000000
1820  0.559  -9.936  11.641 0.0000000000
1122  0.548  -9.524  10.616 0.0000000000
1005  0.518  -9.188  9.560 0.0000000000
4822  -0.059  -4.571  16.943 0.0000000000
3823  0.325  -4.812  15.467 0.0000000000
3825  0.433  -5.044  14.155 0.0000000000
5481  0.334  -5.184  12.860 0.0000000000
5480  0.267  -6.118  12.661 0.0000000000
1467  0.165  -6.348  11.376 0.0000000000
6903  0.310  -6.032  6.082 0.0000000000
1179  0.214  -5.074  6.172 0.0000000000
1181  0.137  -4.092  6.252 0.0000000000
7359  0.141  -3.102  6.409 0.0000000000
4768  0.142  -2.083  6.536 0.0000000000
7725  0.184  -1.663  5.572 0.0000000000
7705  -0.007  -0.632  5.710 0.0000000000
2775  0.031  1.880  9.553 0.0000000000
6489  0.151  0.806  9.385 0.0000000000
2817  0.217  -0.190  9.302 0.0000000000
4744  0.260  -1.210  9.179 0.0000000000
4851  0.232  -2.193  9.093 0.0000000000
7382  0.104  -3.164  8.978 0.0000000000
3709  0.054  -4.174  8.883 0.0000000000
1231  0.047  -5.122  8.758 0.0000000000
7616  0.608  -13.082  -1.174 0.0000000000
2345  0.794  -12.216  -0.704 0.0000000000
2947  1.191  -11.369  -0.277 0.0000000000
2987  1.507  -10.445  0.197 0.0000000000
3109  1.614  -9.827  1.537 0.0000000000
2010  1.563  -9.034  1.884 0.0000000000
9861  1.322  -8.492  2.860 0.0000000000
8292  1.236  -7.663  2.972 0.0000000000
7955  0.815  -6.200  4.074 0.0000000000
8128  1.336  -11.838  5.473 0.0000000000
8223  1.325  -11.064  5.559 0.0000000000
3365  1.463  -10.744  4.342 0.0000000000
3332  1.548  -10.437  3.328 0.0000000000
3254  1.430  -9.654  3.653 0.0000000000
3192  1.514  -9.317  2.762 0.0000000000
8107  1.429  -8.189  2.001 0.0000000000
8064  1.490  -7.895  1.166 0.0000000000
4557  1.591  -7.608  0.460 0.0000000000
7450  1.485  -6.583  -0.256 0.0000000000
7451  1.524  -6.333  -1.013 0.0000000000
7828  0.578  -3.915  0.853 0.0000000000
7863  0.334  -3.247  1.680 0.0000000000
7882  0.257  -2.497  2.681 0.0000000000
9692  0.239  -1.808  3.665 0.0000000000
9659  0.093  -0.779  3.710 0.0000000000
7726  0.089  -1.220  4.632 0.0000000000
7670  -0.022  -0.206  4.725 0.0000000000
7683  -0.130  0.363  5.779 0.0000000000
4593  -0.061  -0.120  6.738 0.0000000000
4594  -0.014  0.354  8.044 0.0000000000
2721  -0.161  1.394  8.223 0.0000000000
8893  1.434  -16.423  16.974 0.0000000000
9068  1.537  -16.160  18.056 0.0000000000
5787  1.774  -15.328  18.111 0.0000000000
5789  1.932  -14.602  18.531 0.0000000000
7987  1.745  -14.054  17.459 0.0000000000
7483  1.738  -13.411  17.800 0.0000000000
7464  1.625  -12.832  18.170 0.0000000000
5678  1.462  -12.195  18.533 0.0000000000
5802  1.184  -11.594  18.859 0.0000000000
9747  0.588  -11.170  17.716 0.0000000000
9711  0.017  -10.088  18.395 0.0000000000
9573  -0.346  -9.592  17.135 0.0000000000
5738  -0.518  -8.892  17.441 0.0000000000
9566  -0.392  -8.332  16.220 0.0000000000
4888  -0.468  -7.413  16.399 0.0000000000
5191  -0.093  -7.512  14.977 0.0000000000
1565  0.186  -7.660  13.709 0.0000000000
1566  0.278  -7.835  12.444 0.0000000000
1415  0.225  -7.235  11.238 0.0000000000
61  0.589  -8.301  7.104 0.0000000000
60  0.775  -9.161  6.995 0.0000000000
9887  0.895  -9.947  6.875 0.0000000000
8719  1.062  -10.601  6.653 0.0000000000
8129  1.472  -11.553  4.150 0.0000000000
8130  1.412  -12.382  4.101 0.0000000000
8100  1.496  -12.108  2.865 0.0000000000
8058  1.207  -12.951  2.654 0.0000000000
8081  1.139  -12.698  1.461 0.0000000000
2343  0.973  -12.442  0.265 0.0000000000
8023  0.742  -13.310  -0.015 0.0000000000
2344  1.324  -11.601  0.684 0.0000000000
1962  1.620  -9.556  0.637 0.0000000000
1835  1.665  -9.305  -0.196 0.0000000000
569  1.702  -9.075  -0.968 0.0000000000
513  1.775  -8.238  -0.584 0.0000000000
451  1.848  -8.063  -1.280 0.0000000000
4558  1.744  -7.224  -1.149 0.0000000000
7403  1.253  -5.705  -0.108 0.0000000000
7474  1.233  -5.884  0.706 0.0000000000
9734  0.772  -4.594  2.512 0.0000000000
9829  0.775  -4.885  3.356 0.0000000000
7925  0.561  -4.288  4.314 0.0000000000
8155  0.338  -3.668  5.314 0.0000000000
4808  0.095  -2.580  7.722 0.0000000000
4707  0.137  -1.640  7.848 0.0000000000
5409  0.347  -1.829  10.429 0.0000000000
4695  0.512  -1.637  11.771 0.0000000000
7503  0.405  -2.556  11.703 0.0000000000
3824  0.581  -4.117  14.278 0.0000000000
5591  0.156  -5.640  15.313 0.0000000000
4890  -0.047  -6.582  15.192 0.0000000000
5803  0.840  -11.751  17.374 0.0000000000
7288  0.376  -11.348  16.193 0.0000000000
7319  0.592  -11.895  15.892 0.0000000000
5821  0.831  -12.393  15.628 0.0000000000
5820  0.712  -12.508  14.147 0.0000000000
2205  0.614  -12.641  12.781 0.0000000000
8485  0.606  -12.584  10.612 0.0000000000
8455  0.600  -12.993  9.496 0.0000000000
8456  0.786  -12.646  8.482 0.0000000000
8434  0.813  -13.086  7.352 0.0000000000
2879  1.050  -12.888  6.349 0.0000000000
62  0.875  -8.742  5.750 0.0000000000
81  1.033  -9.486  5.767 0.0000000000
83  1.243  -8.849  3.756 0.0000000000
159  0.842  0.384  14.816 0.0000000000
161  0.801  1.316  14.879 0.0000000000
450  1.816  -8.871  -1.714 0.0000000000
452  1.999  -8.596  -2.447 0.0000000000
500  0.324  -13.921  24.953 0.0000000000
501  0.680  -13.162  24.186 0.0000000000
558  1.205  -11.752  24.804 0.0000000000
1174  0.629  -9.882  9.249 0.0000000000
1180  0.058  -4.612  7.482 0.0000000000
1223  0.622  -10.192  10.292 0.0000000000
1230  0.078  -6.080  8.643 0.0000000000
1232  0.112  -5.586  7.343 0.0000000000
1233  1.324  -10.000  4.643 0.0000000000
1234  1.198  -10.327  5.621 0.0000000000
1298  1.100  -16.335  13.811 0.0000000000
1345  0.748  -10.548  8.904 0.0000000000
1515  0.241  -7.011  12.551 0.0000000000
1564  0.210  -8.513  13.540 0.0000000000
1615  -0.088  -8.388  14.858 0.0000000000
1670  0.852  -11.218  8.725 0.0000000000
1675  0.011  -9.072  14.535 0.0000000000
1728  0.281  -9.131  13.292 0.0000000000
1743  1.666  -8.481  0.298 0.0000000000
1787  1.480  -9.943  -1.507 0.0000000000
1788  1.534  -9.717  -2.284 0.0000000000
1864  0.419  -11.031  12.333 0.0000000000
1865  0.416  -10.427  12.658 0.0000000000
1906  0.291  -10.925  13.672 0.0000000000
2168  0.466  -12.077  13.101 0.0000000000
2169  0.474  -11.627  12.086 0.0000000000
2396  1.395  -11.825  1.659 0.0000000000
2664  -0.229  2.493  8.316 0.0000000000
2758  0.350  -15.018  -0.498 0.0000000000
2796  1.195  -13.150  3.930 0.0000000000
2797  0.878  -13.844  3.729 0.0000000000
2815  0.414  -0.866  10.499 0.0000000000
2816  0.394  0.054  10.631 0.0000000000
2856  0.593  -0.729  11.898 0.0000000000
2857  0.771  -0.520  13.235 0.0000000000
2865  1.091  -11.120  -1.199 0.0000000000
2893  0.689  -1.478  13.154 0.0000000000
2902  1.467  -10.189  -0.686 0.0000000000
2920  0.491  -13.726  9.349 0.0000000000
2948  0.696  -12.015  -1.693 0.0000000000
3012  1.194  -15.501  13.838 0.0000000000
3225  1.574  -10.090  2.417 0.0000000000
3291  1.528  -10.969  2.026 0.0000000000
3292  1.545  -10.683  1.131 0.0000000000
3297  0.599  -14.148  10.279 0.0000000000
3543  0.489  -15.401  3.442 0.0000000000
3650  0.342  -15.030  5.907 0.0000000000
3684  0.304  -15.868  5.848 0.0000000000
3707  0.057  -4.756  10.177 0.0000000000
3708  0.130  -3.783  10.279 0.0000000000
3782  0.305  -3.503  11.646 0.0000000000
3858  0.513  -4.014  15.645 0.0000000000
3893  0.679  -3.196  14.367 0.0000000000
3934  0.687  -3.118  15.700 0.0000000000
4595  -0.182  0.839  6.877 0.0000000000
4626  0.105  -0.647  7.986 0.0000000000
4708  0.080  -1.099  6.671 0.0000000000
4889  -0.470  -6.465  16.490 0.0000000000
4980  -0.670  -8.220  17.750 0.0000000000
5192  0.234  -6.719  13.857 0.0000000000
5508  0.335  -5.873  14.003 0.0000000000
5558  1.051  -10.165  21.074 0.0000000000
5588  1.513  -10.524  22.060 0.0000000000
5634  0.139  -10.830  14.989 0.0000000000
5676  1.905  -12.679  19.654 0.0000000000
5677  1.739  -11.982  20.017 0.0000000000
5690  -0.117  -9.712  15.659 0.0000000000
5706  -0.480  -8.733  19.021 0.0000000000
5715  1.954  -12.513  21.107 0.0000000000
5721  -0.295  -5.504  16.690 0.0000000000
5771  -0.248  -9.483  18.766 0.0000000000
5788  1.741  -15.254  19.527 0.0000000000
5822  0.513  -11.958  14.446 0.0000000000
5831  1.614  -15.894  19.136 0.0000000000
5855  1.086  -12.962  15.324 0.0000000000
5892  1.329  -12.922  16.732 0.0000000000
5895  0.323  2.141  10.994 0.0000000000
5937  1.456  -13.494  16.393 0.0000000000
5952  1.723  -12.992  22.043 0.0000000000
6478  1.508  -14.075  16.038 0.0000000000
6536  1.889  -14.577  19.978 0.0000000000
6537  1.964  -13.936  18.877 0.0000000000
6573  0.345  1.076  10.744 0.0000000000
6762  0.724  0.390  13.422 0.0000000000
6815  0.673  2.347  13.602 0.0000000000
6931  0.196  -6.533  7.289 0.0000000000
7161  1.598  -11.229  3.034 0.0000000000
7243  0.329  -9.814  19.957 0.0000000000
7287  0.317  -11.379  14.717 0.0000000000
7306  2.306  -6.393  -3.944 0.0000000000
7309  0.149  -0.393  2.768 0.0000000000
7313  0.858  -1.363  15.914 0.0000000000
7329  0.111  -1.091  1.821 0.0000000000
7356  0.122  -1.441  2.729 0.0000000000
7358  0.039  -3.609  7.622 0.0000000000
7390  1.079  -12.334  17.040 0.0000000000
7455  0.263  -2.811  10.406 0.0000000000
7471  0.370  -8.064  11.115 0.0000000000
7484  1.959  -13.343  19.298 0.0000000000
7546  0.369  -8.636  12.295 0.0000000000
7547  1.243  -6.214  1.484 0.0000000000
7548  1.172  -6.447  2.274 0.0000000000
7573  1.351  -7.068  1.383 0.0000000000
7589  1.315  -7.335  2.155 0.0000000000
7662  2.052  -5.541  -4.019 0.0000000000
7724  0.293  -2.241  4.552 0.0000000000
7742  0.282  -2.632  5.476 0.0000000000
7781  0.524  -14.278  6.066 0.0000000000
7787  0.323  -2.886  0.830 0.0000000000
7788  0.210  -1.876  0.921 0.0000000000
7807  0.173  -2.166  1.853 0.0000000000
7862  0.480  -3.563  2.604 0.0000000000
7864  0.685  -4.237  1.682 0.0000000000
7902  0.387  -2.860  3.546 0.0000000000
7926  0.438  -3.260  4.422 0.0000000000
7927  0.572  -3.889  3.467 0.0000000000
7956  0.504  -5.588  5.109 0.0000000000
7957  0.696  -5.263  4.196 0.0000000000
7993  0.638  -14.587  3.554 0.0000000000
7998  0.552  -14.154  -0.225 0.0000000000
8043  1.421  -6.793  0.569 0.0000000000
8052  1.685  -14.679  17.122 0.0000000000
8059  0.887  -13.522  1.213 0.0000000000
8060  0.937  -13.735  2.440 0.0000000000
8132  0.865  -3.149  -1.742 0.0000000000
8172  0.416  -4.620  5.237 0.0000000000
8189  1.758  -5.934  -2.523 0.0000000000
8190  1.408  -4.976  -2.503 0.0000000000
8211  1.285  -5.193  -1.736 0.0000000000
8225  1.608  -6.148  -1.789 0.0000000000
8235  1.209  -11.301  6.596 0.0000000000
8237  2.162  -7.643  -2.646 0.0000000000
8238  1.824  -7.037  -1.858 0.0000000000
8239  1.984  -6.828  -2.560 0.0000000000
8251  0.996  -12.361  7.465 0.0000000000
8254  1.988  -7.848  -1.973 0.0000000000
8262  0.936  -11.903  8.517 0.0000000000
8290  1.084  -8.044  3.831 0.0000000000
8309  0.750  -7.502  4.839 0.0000000000
8375  0.816  -2.231  15.827 0.0000000000
8433  0.555  -13.816  7.236 0.0000000000
8435  0.794  -13.610  6.177 0.0000000000
8457  0.568  -13.394  8.344 0.0000000000
8472  0.763  -12.234  9.562 0.0000000000
8507  0.586  -13.331  10.495 0.0000000000
8526  0.784  -13.338  12.716 0.0000000000
8762  0.808  -15.674  10.280 0.0000000000
8763  0.966  -16.177  11.414 0.0000000000
8797  0.909  -14.090  12.678 0.0000000000
8798  1.006  -14.895  12.669 0.0000000000
8839  1.383  -15.802  15.939 0.0000000000
8859  1.594  -15.555  17.012 0.0000000000
8875  1.257  -16.634  15.913 0.0000000000
8991  0.775  -11.519  9.653 0.0000000000
9364  0.883  -13.077  13.835 0.0000000000
9565  -0.262  -9.067  15.925 0.0000000000
9582  0.650  -7.858  5.810 0.0000000000
9706  0.651  -3.416  -0.946 0.0000000000
9714  0.519  -3.614  -0.039 0.0000000000
9871  1.739  -11.156  21.761 0.0000000000
9882  1.756  -11.574  22.710 0.0000000000
9890  1.414  -11.990  23.597 0.0000000000
9906  1.092  -13.376  22.889 0.0000000000
82  0.965  -8.389  4.755 0.0000000000
499  0.498  -13.901  23.789 0.0000000000
553  0.263  -14.709  24.579 0.0000000000
1553  1.040  -10.826  -2.030 0.0000000000
2130  0.393  -11.513  13.337 0.0000000000
2858  0.609  0.271  11.990 0.0000000000
2919  0.523  -14.497  9.245 0.0000000000
2921  0.454  -14.111  8.259 0.0000000000
3055  1.268  -16.096  14.848 0.0000000000
3724  0.358  -15.365  7.023 0.0000000000
5483  0.730  -9.539  21.347 0.0000000000
5511  1.365  -9.901  22.429 0.0000000000
5565  1.645  -10.241  23.330 0.0000000000
5652  1.731  -10.895  23.029 0.0000000000
5748  2.042  -13.172  20.801 0.0000000000
6429  0.528  2.308  12.367 0.0000000000
6455  1.210  -13.573  14.995 0.0000000000
6500  1.639  -13.709  21.757 0.0000000000
6587  1.392  -15.115  20.902 0.0000000000
6604  1.287  -15.703  20.446 0.0000000000
6661  0.572  1.246  12.200 0.0000000000
6726  0.706  1.365  13.584 0.0000000000
7173  0.060  -9.197  20.282 0.0000000000
7751  0.517  -15.274  2.110 0.0000000000
7789  0.418  -2.631  -0.027 0.0000000000
7802  0.422  -14.569  7.098 0.0000000000
8039  0.699  -14.514  2.247 0.0000000000
8040  0.654  -14.330  0.999 0.0000000000
8041  0.417  -15.136  0.803 0.0000000000
8348  0.413  -14.659  23.426 0.0000000000
8546  0.417  -16.209  6.954 0.0000000000
8562  0.687  -16.115  9.072 0.0000000000
8745  0.620  -15.287  9.147 0.0000000000
8796  1.131  -14.615  13.832 0.0000000000
8814  1.024  -13.818  13.858 0.0000000000
8822  1.276  -14.370  14.878 0.0000000000
8840  1.491  -14.940  15.992 0.0000000000
8841  1.326  -15.232  14.937 0.0000000000
9549  1.579  -11.250  23.921 0.0000000000
9929  0.976  -14.145  22.594 0.0000000000
9933  2.026  -13.883  20.413 0.0000000000
9938  1.545  -14.413  21.348 0.0000000000
9976  0.850  -14.831  22.161 0.0000000000
7823  0.471  -14.893  8.180 0.0000000000
8563  0.492  -15.740  8.053 0.0000000000
7615  1.970  -4.502  -4.045 0.0000000000
7231  0.162  1.740  4.932 0.0000000000
7232  -0.009  2.368  5.956 0.0000000000
2665  -0.132  2.915  7.088 0.0000000000
5668  -0.079  3.517  8.485 0.0000000000
5711  0.050  3.975  9.979 0.0000000000
9567  0.341  4.139  11.138 0.0000000000
9084  0.867  3.214  14.824 0.0000000000
1278  1.168  1.824  17.390 0.0000000000
75  0.776  2.268  14.892 0.0000000000
77  0.911  2.144  16.135 0.0000000000
8422  0.724  -2.162  17.264 0.0000000000
76  0.901  1.183  16.181 0.0000000000
2887  1.072  0.998  17.325 0.0000000000
3601  1.009  0.183  17.250 0.0000000000
3963  0.241  -3.725  17.021 0.0000000000
4450  0.516  -2.903  17.150 0.0000000000
4528  0.936  -0.620  17.286 0.0000000000
5779  -0.033  2.947  9.744 0.0000000000
5857  0.278  3.177  11.160 0.0000000000
6779  0.524  3.294  12.347 0.0000000000
6780  0.731  3.308  13.620 0.0000000000
7331  0.851  -1.346  17.292 0.0000000000
7277  1.583  -3.660  -3.309 0.0000000000
8133  1.274  -2.874  -2.520 0.0000000000
8101  1.534  -1.896  -2.319 0.0000000000
8102  1.041  -2.135  -1.642 0.0000000000
7762  0.815  -1.418  -0.752 0.0000000000
4515  0.787  -0.600  0.257 0.0000000000
7225  0.814  0.094  1.195 0.0000000000
6788  0.839  0.702  2.152 0.0000000000
6760  0.748  1.351  3.125 0.0000000000
9528  0.686  1.994  4.092 0.0000000000
7233  0.529  2.614  5.022 0.0000000000
9568  0.311  4.803  9.785 0.0000000000
9560  0.582  4.923  11.071 0.0000000000
9039  0.930  4.892  12.289 0.0000000000
6722  1.235  4.760  13.481 0.0000000000
6681  1.506  4.656  14.759 0.0000000000
6754  1.118  4.028  14.875 0.0000000000
8984  1.369  3.788  16.208 0.0000000000
929  1.750  3.265  17.359 0.0000000000
944  1.393  2.598  17.424 0.0000000000
5629  0.220  4.434  8.586 0.0000000000
5628  0.232  3.828  7.160 0.0000000000
7208  0.354  3.285  6.041 0.0000000000
8582  0.374  -0.838  0.992 0.0000000000
6781  0.683  4.209  12.318 0.0000000000
6820  0.421  0.530  2.915 0.0000000000
7258  0.428  -0.137  1.917 0.0000000000
7283  0.306  1.124  3.937 0.0000000000
7760  0.665  -2.399  -0.864 0.0000000000
7761  0.441  -1.599  0.072 0.0000000000
9013  1.049  3.051  16.223 0.0000000000
9048  0.923  4.156  13.575 0.0000000000
5485  0.457  -8.911  21.678 0.0000000000
6667  -0.196  -8.468  20.604 0.0000000000
5662  -0.686  -7.996  19.329 0.0000000000
5871  -0.924  -7.026  19.470 0.0000000000
4598  -1.011  -6.009  19.630 0.0000000000
5797  -0.725  -5.268  18.210 0.0000000000
4514  -0.495  -4.345  18.312 0.0000000000
4937  -0.831  -7.230  17.868 0.0000000000
5796  -0.841  -6.223  18.029 0.0000000000
7737  0.359  -15.969  0.732 0.0000000000
2641  0.339  -15.914  -0.576 0.0000000000
2702  0.346  -15.829  -1.857 0.0000000000
7665  0.300  -15.664  -3.047 0.0000000000
7661  0.311  -15.555  -4.266 0.0000000000
2577  0.273  -14.496  -4.014 0.0000000000
2527  0.322  -13.537  -3.545 0.0000000000
1538  0.362  -13.337  -4.453 0.0000000000
7545  0.429  -12.390  -3.946 0.0000000000
1456  0.509  -12.157  -4.839 0.0000000000
1455  0.751  -11.179  -4.249 0.0000000000
301  0.972  -10.920  -5.061 0.0000000000
182  1.357  -10.064  -4.419 0.0000000000
120  1.618  -9.794  -5.106 0.0000000000
5814  2.086  -8.951  -4.359 0.0000000000
5702  2.388  -8.766  -4.977 0.0000000000
5736  2.626  -7.994  -4.377 0.0000000000
5620  2.927  -7.771  -4.917 0.0000000000
4175  2.787  -7.014  -4.523 0.0000000000
7583  0.415  -12.637  -3.076 0.0000000000
7605  0.500  -12.866  -2.138 0.0000000000
244  1.837  -9.213  -3.754 0.0000000000
300  1.167  -10.255  -3.608 0.0000000000
355  1.684  -9.441  -3.020 0.0000000000
1454  0.646  -11.431  -3.449 0.0000000000
1500  1.010  -10.533  -2.826 0.0000000000
2053  0.667  -11.709  -2.559 0.0000000000
2626  0.363  -13.785  -2.606 0.0000000000
4145  2.553  -6.215  -4.525 0.0000000000
5766  2.396  -8.189  -3.783 0.0000000000
5813  2.182  -8.413  -3.166 0.0000000000
7304  2.523  -7.201  -3.938 0.0000000000
7718  0.273  -14.719  -2.858 0.0000000000
7749  0.355  -14.887  -1.653 0.0000000000
7779  0.454  -13.967  -1.398 0.0000000000
6069  0.280  -15.320  -5.439 0.0000000000
1492  0.294  -14.334  -5.025 0.0000000000
1441  0.352  -14.121  -5.988 0.0000000000
7521  0.399  -13.919  -6.914 0.0000000000
5984  0.502  -12.903  -6.352 0.0000000000
6388  0.706  -11.901  -5.702 0.0000000000
6387  0.862  -11.677  -6.537 0.0000000000
6  1.193  -10.704  -5.839 0.0000000000
1286  1.893  -9.563  -5.743 0.0000000000
4116  2.466  -5.410  -4.643 0.0000000000
4144  3.061  -6.881  -5.055 0.0000000000
5709  3.365  -6.745  -5.540 0.0000000000
5037  3.445  -7.440  -5.935 0.0000000000
5580  3.150  -7.600  -5.507 0.0000000000
5579  2.877  -8.327  -6.154 0.0000000000
5703  2.632  -8.542  -5.568 0.0000000000
5704  2.082  -9.355  -6.368 0.0000000000
7  1.441  -10.470  -6.550 0.0000000000
